29
47
83
137
173
191
227
263
281
317
353
443
461
641
821
911
1019
1091
1109
1163
1181
1217
1307
1361
1433
1451
1523
1613
1721
1811
1901
2027
2063
2081
2153
2207
2243
2333
2351
2423
2441
2531
2621
2711
2801
3251
3323
3413
3701
4007
4133
4241
4421
5051
5231
5303
5501
6113
6131
6203
6221
6311
7013
7103
7121
7211
8111
9011
10037
10091
10163
10181
10253
10271
10343
10433
10613
10631
11027
11117
11171
11243
11261
11351
11423
11621
11801
12071
12107
12143
12161
12251
12323
12413
12503
12611
13007
13043
13151
13241
13313
13331
13421
14033
14051
14303
14321
14411
15131
15401
16103
16301
17021
19001
20063
20117
20261
20333
20441
21017
21107
21143
21323
21341
21503
21521
21611
21701
22133
22511
23321
24023
24113
24203
25013
25031
25121
25301
26003
26021
26111
27011
28001
30071
30161
30323
30341
30431
31151
31223
31511
31601
32051
32141
32213
32303
32321
32411
33023
33113
33203
33311
34031
34211
34301
35111
35201
36011
40151
40241
41051
41141
41213
41231
41411
42023
42131
42221
43013
43103
44021
44111
44201
50033
50051
50123
50231
50321
50411
51131
51203
52103
52121
52301
53003
53201
54011
54101
55001
60041
61031
61121
61211
62003
62201
70121
72101
80021
80111
81101
90011
29
10037
47
20063
50033
60041
30071
10091
83
80021
70121
50051
90011
40151
20117
137
10163
80111
30161
61031
50123
173
30323
10181
20261
40241
61121
50231
10253
72101
81101
30341
20333
41051
61211
191
50321
10271
50411
20441
30431
41141
227
51131
10343
21017
31151
41213
263
62003
62201
51203
31223
10433
21107
41231
281
10613
317
21143
353
41411
10631
31511
42023
42131
52103
21323
443
11027
31601
42221
21341
21503
21521
43013
461
52121
11117
52301
11171
32051
21611
641
11243
53003
32141
43103
21701
821
11261
53201
32213
44021
11351
911
1019
1091
1109
1163
1181
1217
1307
22133
32303
44111
11423
54011
22511
44201
11621
32321
1361
54101
1433
11801
32411
1451
23321
12071
33023
1523
55001
24023
33113
12107
1613
24113
1721
33203
12143
24203
1811
33311
1901
12161
2027
12251
25013
2063
34031
12323
25031
34211
12413
25121
2081
12503
34301
25301
2153
12611
35111
2207
13007
35201
26003
2243
13043
36011
26021
2333
13151
2351
26111
2423
13241
2441
27011
13313
2531
2621
13331
2711
13421
2801
28001
14033
14051
14303
14321
14411
3251
3323
15131
3413
15401
3701
4007
16103
4133
4241
16301
4421
5051
5231
5303
17021
5501
6113
6131
6203
6221
6311
7013
7103
7121
7211
19001
8111
9011
